12 14 9 12 7 12 7 9 7 2 5 2 5 7 12 7 9 7 14 5 7 9 12 2 9 7 12 7 7 2 0 5 7 7 2 5 7 7 2 0 0 0 5 2 0 
9 9 8 6 6 9 4 4 9 8 6 9 11 16 18 16 13 16 11 13 16 9 8 6 9 4 
9 9 12 9 7 4 7 9 14 14 12 9 7 4 7 9 9 9 12 7 9 14 14 12 7 9 9 9 12 9 7 4 14 14 12 9 11 4 16 16 14 16 12 19 16 14 12 9 7 9 12 9 9 7 4 7 9 12 9 9 7 4 7 9 
4 4 7 4 2 4 4 7 2 4 9 4 2 0 2 0 9 2 4 2 0 9 0 9 4 4 7 4 2 4 4 4 4 7 2 4 9 4 2 0 2 0 9 2 4 0 0 0 0 
10 12 15 17 15 12 15 17 12 10 0 15 15 17 3 12 12 15 7 5 5 10 12 10 10 12 10 12 12 15 17 15 12 17 19 12 15 7 7 5 5 5 5 5 5 10 12 10 12 10 12 12 15 17 12 17 19 12 15 7 5 10 12 15 10 10 12 12 12 12 12 15 7 5 5 10 8 10 10 12 10 
4 16 14 9 12 14 12 14 14 19 16 4 16 14 12 9 12 9 7 21 9 7 4 7 4 14 19 16 14 19 16 14 16 14 12 9 12 7 9 12 9 14 4 16 14 9 12 9 7 9 12 9 7 4 7 4 4 16 14 9 12 14 12 14 9 12 7 9 12 9 12 9 12 7 9 14 12 9 12 
19 19 19 16 14 16 19 14 12 9 19 19 16 14 19 16 14 9 12 12 9 7 7 4 7 9 12 14 14 14 19 14 12 9 7 19 19 16 14 16 19 14 12 9 9 9 12 11 11 9 12 9 12 9 7 7 12 9 12 9 7 9 4 16 19 16 14 12 14 16 19 14 7 12 9 12 11 7 4 4 7 12 14 14 14 19 14 12 9 7 
9 9 9 14 12 11 9 9 9 14 12 14 12 14 16 21 19 16 14 12 14 16 14 12 9 9 4 9 9 14 11 9 7 9 7 5 4 9 4 9 11 7 5 4 2 4 2 4 7 5 4 2 
11 18 16 16 14 11 9 11 14 16 14 9 11 14 11 14 5 9 5 9 6 9 9 11 14 16 14 11 9 11 14 13 11 14 11 9 14 11 9 9 11 6 18 16 14 16 11 14 11 9 14 11 9 9 11 6 
12 10 12 15 7 5 3 0 12 10 12 14 10 12 10 12 15 15 7 12 10 9 7 5 3 5 0 9 7 7 5 3 17 14 12 10 7 7 5 7 17 14 12 10 7 7 5 7 5 7 10 17 14 12 12 10 12 3 5 14 12 10 7 0 9 7 5 3 5 0 9 7 5 3 
14 12 14 12 14 19 16 14 12 14 9 12 14 16 19 16 14 12 14 12 9 9 12 5 7 9 2 9 16 14 12 9 12 9 7 5 7 9 9 12 9 7 9 12 5 7 5 2 5 7 9 16 14 12 9 12 9 7 5 7 9 12 9 7 12 5 9 5 2 9 12 9 12 9 7 9 12 9 12 9 7 9 12 9 7 9 12 5 7 5 2 
16 18 18 16 14 16 18 16 14 19 16 14 11 9 11 14 11 9 7 9 9 14 11 14 11 9 9 9 4 7 7 9 11 14 11 9 7 9 14 16 14 14 11 9 7 9 9 14 11 14 11 9 9 
14 14 11 9 11 16 14 11 11 9 11 14 14 11 9 11 16 14 11 11 9 11 14 14 14 16 18 18 16 11 11 11 16 14 16 11 9 5 4 5 4 5 11 9 14 14 14 11 9 11 16 14 11 11 9 11 14 14 14 11 9 11 16 14 11 11 9 11 14 14 14 16 18 18 16 14 16 18 21 18 9 18 9 14 14 14 11 9 11 16 14 11 11 9 11 14 14 14 11 9 11 16 14 11 11 9 11 14 14 14 16 18 18 16 11 11 11 16 14 16 11 9 18 4 18 4 18 11 9 
9 12 9 2 9 12 14 17 12 9 14 17 14 12 9 14 14 14 12 9 12 9 7 5 9 7 5 2 5 2 5 7 9 12 14 9 12 9 5 2 5 7 9 12 14 12 9 12 9 
14 11 9 9 4 2 4 7 4 7 4 7 11 9 4 14 14 11 11 11 9 9 4 2 4 7 7 4 7 9 11 9 4 11 14 11 9 9 4 7 4 2 2 2 4 7 4 7 9 11 9 4 14 14 11 11 9 7 11 9 7 4 2 4 7 9 9 7 9 4 2 2 2 2 4 7 4 4 9 9 9 7 4 7 11 4 2 4 9 9 9 4 7 4 2 2 
14 14 11 7 9 7 9 7 4 2 2 4 2 14 9 14 9 14 14 9 14 14 9 7 4 2 4 7 2 14 11 9 14 11 9 4 2 7 9 4 11 14 16 14 16 9 9 4 2 4 7 9 9 7 9 7 4 2 7 4 2 11 4 2 2 4 2 4 7 2 
14 11 9 11 9 11 5 4 6 9 11 9 11 9 11 14 11 9 6 6 4 6 9 6 4 2 6 6 9 11 11 14 9 6 9 6 6 9 11 11 14 9 6 9 9 11 14 11 9 6 6 4 6 9 6 4 2 9 9 11 9 6 4 6 4 2 4 9 11 14 11 9 6 4 6 4 2 4 9 11 14 11 11 9 6 6 4 6 9 6 4 2 
9 9 12 14 14 12 9 12 14 12 14 14 12 9 12 14 12 9 7 9 9 9 9 14 14 12 9 14 14 9 9 9 14 14 9 7 9 7 
15 12 10 12 15 10 12 15 12 10 12 15 10 10 12 15 17 12 10 7 10 5 7 10 4 10 12 15 10 7 5 3 5 10 12 15 10 7 5 3 5 10 12 15 12 10 7 10 5 7 10 3 10 12 15 10 7 5 3 5 10 12 15 10 7 5 3 5 10 12 15 12 10 7 10 5 7 10 3 
19 16 16 14 16 14 12 9 9 16 14 16 14 12 9 9 16 14 12 9 16 19 16 14 14 12 9 12 12 9 7 4 16 16 16 14 12 9 12 12 9 7 4 9 9 16 16 14 12 9 14 12 9 9 14 12 9 12 14 14 12 9 12 14 12 9 12 12 9 7 4 16 14 12 16 14 12 9 7 9 14 9 12 14 14 16 14 18 16 16 14 12 9 12 9 7 4 9 9 9 
14 14 14 12 9 14 14 19 14 14 12 9 7 7 9 14 14 14 16 14 12 9 9 9 12 2 2 2 2 7 8 5 7 9 12 12 9 7 9 7 4 2 2 
11 6 6 11 11 14 11 11 6 6 11 11 6 9 6 11 6 6 11 11 14 11 11 6 6 11 11 6 9 6 
13 4 11 8 8 8 11 13 16 11 15 13 13 16 11 8 8 13 11 8 6 8 13 16 11 8 8 8 11 13 16 11 15 13 13 16 11 8 8 13 11 8 6 8 13 16 11 15 13 20 11 6 8 13 4 11 15 13 8 11 6 8 8 11 13 8 8 11 8 6 4 1 4 6 8 11 13 8 11 8 6 4 1 4 8 6 8 6 4 13 16 8 5 13 13 
5 2 2 14 14 14 14 17 14 14 14 12 9 12 9 7 5 2 7 7 9 14 14 12 9 12 9 7 7 5 7 9 12 9 7 5 2 
9 5 7 9 2 0 7 9 7 5 2 7 9 9 7 4 2 5 0 2 0 2 5 2 0 2 5 7 9 9 12 9 9 0 7 9 7 5 2 9 5 5 2 0 2 9 12 5 0 2 
7 7 7 7 4 6 4 7 7 7 7 4 6 4 16 16 14 14 11 14 6 4 4 4 4 4 4 4 7 2 2 2 2 2 2 11 14 6 4 16 16 14 14 14 6 11 14 11 6 4 
11 9 6 9 11 9 11 9 11 11 14 9 6 11 9 4 6 4 6 11 14 9 6 9 11 9 11 9 11 11 14 9 6 11 9 2 6 4 6 11 9 11 6 4 6 6 9 6 9 6 4 2 2 2 4 11 11 14 11 9 7 11 9 14 11 9 7 4 7 9 7 11 9 7 4 7 9 7 4 7 4 7 9 11 14 11 9 7 4 7 9 7 11 9 7 4 7 9 7 4 
9 16 12 12 12 9 7 16 16 16 9 12 12 14 9 16 12 12 12 16 9 12 14 12 7 9 16 12 12 9 12 12 16 14 12 14 7 9 9 16 12 12 14 12 16 12 12 9 7 7 9 12 4 7 14 12 12 14 16 14 16 12 9 12 14 12 12 14 9 14 9 9 14 12 14 16 9 16 9 12 12 9 12 12 9 7 7 
9 4 7 2 2 4 7 12 9 5 4 2 0 2 4 7 12 9 5 4 2 0 4 4 0 0 2 4 5 4 2 0 0 0 12 9 5 4 2 0 4 7 2 12 4 4 11 12 9 5 4 2 0 4 7 2 0 9 
13 11 9 13 11 13 4 13 11 9 9 11 13 11 9 6 4 6 9 6 4 4 4 4 6 9 11 9 11 9 6 9 6 11 13 11 9 6 4 6 9 6 4 4 
14 14 17 14 12 9 12 9 7 9 14 14 17 14 12 9 9 9 9 12 14 14 12 9 9 12 14 9 12 12 9 7 5 2 9 9 12 14 14 12 9 9 12 14 9 12 12 9 7 5 2 
6 9 9 11 13 13 16 18 13 9 13 16 6 1 9 6 6 9 6 6 1 4 9 9 13 16 6 13 13 13 16 18 13 13 6 9 13 6 9 13 6 9 13 13 16 13 13 13 13 13 18 9 13 9 13 16 6 6 6 1 13 16 13 13 13 13 16 18 13 9 13 16 6 6 6 1 13 16 13 16 18 9 9 13 9 6 1 6 16 13 6 13 9 9 9 6 0 
16 14 12 14 16 14 16 7 12 12 9 7 12 16 14 12 4 7 4 14 12 12 9 7 
16 16 16 16 16 16 16 9 9 9 7 9 9 7 9 16 9 12 9 12 19 16 16 19 16 16 19 16 12 14 9 9 12 16 19 16 16 16 14 16 19 16 16 19 12 9 9 7 16 19 16 19 16 9 7 12 16 16 9 9 7 9 12 9 12 12 16 9 9 7 12 16 9 12 9 12 12 16 9 9 16 19 16 19 16 16 16 19 16 16 16 19 16 16 19 16 9 9 9 7 
11 11 11 13 11 8 6 4 6 9 6 11 11 13 11 8 6 4 6 8 6 8 4 6 4 8 6 8 4 4 1 6 7 4 8 6 4 4 1 11 
7 7 9 9 11 14 16 14 11 11 7 9 11 14 14 9 7 4 14 14 11 14 4 7 9 11 9 7 4 2 4 4 2 4 4 7 9 11 14 16 16 14 11 11 11 14 9 11 7 14 14 11 14 4 7 9 11 9 7 4 2 
12 12 4 7 9 12 14 19 14 12 12 11 9 19 19 11 14 16 12 11 9 4 7 14 19 9 12 14 19 16 14 12 11 12 14 9 7 2 14 14 12 14 19 14 12 11 9 7 9 7 2 0 9 7 4 2 4 7 9 14 14 12 14 19 14 12 11 9 7 9 7 2 0 
16 14 16 14 11 9 6 9 9 11 14 11 9 6 6 6 6 9 14 11 9 6 6 9 14 11 9 6 6 9 6 4 9 2 2 2 4 2 2 2 14 16 9 11 9 6 9 4 4 6 9 11 9 11 14 9 
7 16 14 14 16 12 12 14 9 7 9 14 12 14 12 9 7 4 7 14 12 14 16 19 16 14 14 14 12 9 14 12 9 7 4 7 9 14 12 9 14 12 4 7 4 7 9 7 9 12 7 7 4 7 16 12 14 12 12 4 2 4 7 4 4 2 0 7 4 16 14 12 9 7 16 12 14 12 12 4 2 4 7 4 4 2 0 
12 12 7 7 9 12 12 7 7 9 10 10 12 17 14 12 10 10 12 17 14 12 7 12 9 7 5 5 2 0 5 5 2 0 5 7 12 9 7 9 5 7 9 5 2 0 
14 16 14 12 9 14 19 14 12 9 14 14 19 9 12 14 12 12 14 19 19 16 14 12 9 9 14 12 12 9 7 9 5 9 12 7 9 5 9 9 9 14 11 9 7 5 7 9 9 7 5 4 2 
12 7 9 7 12 7 9 12 14 12 14 9 7 12 9 7 7 7 2 7 9 7 14 12 9 14 16 14 12 9 7 9 12 9 7 7 
14 9 14 9 19 12 9 7 5 2 7 9 2 14 9 14 9 19 12 9 7 5 2 7 9 7 
14 16 14 9 9 9 14 16 14 14 19 9 14 9 7 4 2 4 2 7 7 9 9 9 19 14 19 14 12 9 7 5 7 12 11 9 7 5 4 2 7 2 
12 16 14 16 12 12 12 9 7 12 16 14 16 12 12 12 9 7 14 16 14 12 14 16 19 14 14 9 11 14 9 7 6 7 12 12 16 14 16 12 12 9 7 9 12 9 12 9 12 9 12 9 12 9 12 9 12 4 2 4 7 9 12 4 2 0 9 12 9 12 9 12 9 12 9 12 9 12 9 12 4 2 4 7 9 12 4 2 0 
9 7 7 9 12 14 12 9 9 14 12 9 7 5 7 7 12 12 9 7 5 7 5 2 5 0 9 7 5 9 7 5 7 9 7 5 9 7 5 7 7 12 12 9 7 5 7 5 2 5 0 
9 9 9 14 12 9 12 9 7 5 7 7 7 9 14 12 9 7 12 7 9 7 5 17 2 2 9 12 
14 14 14 11 14 14 19 19 16 14 14 11 9 14 16 19 16 14 14 11 9 11 7 9 11 9 14 14 14 14 14 19 7 7 7 7 7 4 2 2 7 2 7 4 2 4 7 2 
9 9 9 6 16 13 11 16 13 11 6 9 9 13 11 11 11 9 13 11 6 6 4 6 11 4 9 9 11 6 4 9 9 11 6 4 6 6 4 6 9 2 
7 7 7 7 7 7 9 12 14 14 12 12 9 7 12 12 12 4 7 9 12 4 7 9 7 9 12 14 12 12 12 12 7 12 12 9 7 4 7 9 14 14 12 9 7 4 7 14 14 12 12 9 7 12 12 12 7 12 12 9 7 4 7 
11 11 9 11 11 9 11 11 9 7 7 4 7 2 2 7 2 7 7 7 9 7 9 11 14 11 9 11 9 9 14 9 11 14 14 16 14 11 9 14 11 16 14 11 9 7 7 9 14 11 9 7 
7 7 12 9 7 4 2 2 12 14 14 9 7 14 14 12 9 7 14 14 14 14 19 14 12 14 12 9 7 2 12 14 19 7 12 11 9 7 
7 7 10 7 5 14 14 9 10 7 10 10 14 12 10 7 7 5 2 10 7 5 10 7 5 14 14 12 10 7 14 14 12 10 14 7 7 5 2 17 14 12 10 10 12 14 14 12 14 14 12 10 12 7 5 7 7 7 10 7 5 14 14 12 19 17 19 10 14 12 14 12 10 14 12 10 19 10 12 14 14 12 14 5 9 7 14 14 12 10 7 5 7 10 12 12 10 5 7 5 
14 11 14 19 16 14 16 14 11 9 7 9 11 14 11 9 2 14 11 9 7 9 7 11 14 11 9 7 7 14 16 19 16 14 11 14 11 7 9 11 
11 14 16 19 16 14 14 11 14 11 11 9 14 9 2 14 11 9 7 9 7 9 14 11 9 7 7 
7 4 2 2 7 4 2 2 7 4 2 2 7 4 2 2 14 14 14 14 9 12 9 12 14 14 16 14 17 14 12 9 14 9 12 9 7 9 12 12 9 7 9 12 12 9 7 9 12 14 17 14 12 14 17 1 9 9 9 16 14 14 17 13 9 7 9 12 9 7 7 4 2 9 7 5 7 9 12 7 9 9 16 14 14 17 13 9 7 9 12 9 7 7 4 2 
14 14 14 19 16 14 12 16 14 19 16 14 11 11 9 7 4 2 14 14 16 14 7 11 9 9 4 4 7 2 
9 12 14 12 14 17 14 12 14 7 12 14 12 9 7 5 9 12 14 12 14 9 14 12 7 5 4 2 0 5 0 2 4 2 0 
16 16 16 14 16 7 9 16 16 16 14 16 7 9 16 16 16 16 12 16 14 14 16 7 9 12 12 4 4 2 0 2 
11 11 11 14 16 11 9 11 11 11 14 14 7 6 4 14 7 9 11 14 7 6 4 2 4 9 7 2 
7 9 7 4 7 9 7 4 2 9 7 4 0 9 7 9 7 4 7 9 7 4 2 9 7 4 0 2 
16 11 9 11 16 9 6 6 4 2 2 11 16 11 9 11 16 11 9 11 16 9 6 6 4 2 4 
14 14 14 12 14 19 16 14 12 14 19 19 16 16 14 12 14 19 19 16 16 14 12 14 7 9 5 2 9 14 19 16 14 16 7 9 12 12 14 9 7 6 4 2 
12 14 17 12 9 14 17 14 12 9 12 9 7 5 7 9 7 12 12 9 12 14 2 5 0 2 5 7 9 12 9 7 5 7 2 0 
14 14 14 17 14 12 9 12 7 5 2 14 14 14 17 14 12 9 14 14 14 14 17 14 12 9 12 7 5 2 7 7 12 9 5 2 
7 7 9 7 5 2 0 5 2 7 7 9 7 5 14 12 5 2 7 5 7 12 14 17 14 12 10 9 7 5 2 5 5 2 0 0 
14 14 16 12 14 16 14 9 14 12 14 5 7 9 14 14 16 12 14 16 14 9 12 11 2 5 7 9 14 11 14 14 16 14 12 14 7 9 12 9 7 7 9 7 4 2 
14 14 14 16 19 16 14 14 14 14 16 19 16 14 19 16 14 19 16 14 4 7 11 9 7 9 7 9 9 11 14 7 6 4 2 7 6 9 4 2 
13 16 18 4 11 13 4 11 9 6 9 11 13 16 13 11 13 7 6 4 9 11 6 4 
14 14 17 14 9 14 14 17 14 9 12 9 12 14 9 12 5 7 12 9 7 12 9 7 5 14 9 12 9 12 9 12 9 7 7 9 7 9 7 2 9 7 9 12 9 7 5 2 
14 17 14 12 7 14 17 14 9 12 9 7 5 2 12 14 9 12 9 7 2 5 5 7 9 9 17 14 12 14 9 12 12 14 9 7 5 5 2 0 12 12 5 7 9 7 2 0 14 9 12 12 14 9 7 5 5 2 0 12 12 5 7 9 7 2 0 
5 5 4 2 5 0 0 9 12 14 17 12 9 12 14 14 12 9 12 9 7 9 7 12 9 2 5 7 7 9 12 9 12 14 5 2 5 7 9 7 2 5 2 0 2 0 12 9 2 5 7 7 9 12 9 12 14 5 2 5 7 9 7 2 5 2 0 2 0 
17 14 12 7 12 14 12 12 10 7 10 2 0 5 0 5 7 12 0 5 2 0 0 
12 12 14 17 12 12 14 12 9 7 5 7 5 9 12 14 17 12 9 7 5 5 7 5 7 9 5 7 9 5 7 9 7 9 7 9 5 9 12 9 12 7 9 12 5 2 5 9 7 7 2 0 
17 14 12 7 12 14 12 12 10 7 10 2 0 5 0 5 7 12 0 5 2 0 0 
0 5 5 5 4 5 7 9 17 16 14 12 10 9 5 7 5 12 12 12 14 17 17 17 17 17 17 14 14 14 12 17 17 17 17 14 16 14 12 12 12 9 9 7 7 9 0 5 5 5 12 10 9 17 16 14 12 10 9 5 7 5 12 12 12 12 12 12 10 9 17 16 12 21 19 17 14 16 17 
4 6 4 2 4 6 2 4 6 4 2 
2 4 2 4 7 9 7 9 7 9 11 9 11 7 4 2 4 2 4 7 9 7 9 11 9 7 4 2 4 7 9 9 7 7 14 14 14 11 9 9 11 9 11 7 4 2 4 2 7 9 7 9 11 9 7 4 2 4 7 9 7 7 
14 16 12 14 14 16 12 14 14 12 9 12 9 14 14 12 9 12 9 14 12 14 9 12 14 12 7 2 7 2 14 12 9 7 12 9 7 12 9 7 12 
9 7 14 12 9 9 7 4 9 14 4 9 4 0 16 12 9 12 9 7 4 2 4 9 7 4 2 4 0 9 
9 7 9 0 2 5 2 0 12 9 7 9 12 5 2 0 12 17 12 17 14 17 5 2 12 7 9 17 14 19 12 10 9 7 9 7 12 9 7 5 7 9 17 14 17 14 12 9 9 7 5 2 0 12 17 12 17 14 17 0 2 5 7 9 17 14 12 9 7 2 5 
7 4 2 4 7 9 4 2 9 0 2 4 7 9 7 4 2 4 9 7 0 7 4 2 4 0 2 4 0 0 0 
2 7 7 7 9 7 9 14 12 17 14 2 7 7 7 9 7 9 14 12 9 14 17 9 7 5 2 2 5 2 0 0 9 12 5 2 0 2 9 7 5 
9 7 4 7 9 14 12 12 9 0 2 9 7 4 0 2 9 7 4 0 9 
4 9 12 14 9 7 4 9 9 7 7 4 2 4 7 9 
7 4 4 7 9 11 11 14 9 11 9 7 9 11 14 11 9 7 7 7 7 9 11 9 11 9 11 9 4 
9 14 9 5 7 9 2 2 2 7 12 9 5 2 7 5 7 9 9 14 19 17 21 9 9 7 5 5 7 9 12 14 14 19 21 17 14 21 14 17 14 12 21 19 17 14 
4 4 7 7 7 2 4 0 0 2 7 0 0 9 7 4 4 7 7 7 2 4 0 0 2 7 0 0 9 7 4 4 2 4 12 7 12 4 4 2 4 12 7 0 
1 11 11 13 16 13 11 13 18 20 11 13 13 11 13 16 18 16 13 18 6 11 9 4 6 11 13 11 13 16 9 6 4 6 9 11 9 6 
12 16 14 12 2 12 12 12 12 16 14 12 14 16 12 12 12 16 16 16 14 16 14 12 12 12 16 14 14 14 14 12 12 14 16 16 16 14 16 14 14 14 12 12 12 16 14 14 14 14 14 16 14 12 12 12 
4 9 4 2 4 2 2 4 9 14 4 9 4 4 2 2 4 9 2 4 9 14 0 2 4 7 7 9 9 14 0 0 2 4 0 9 
9 7 12 14 9 12 14 12 14 16 14 12 9 9 14 12 12 7 9 7 12 12 14 12 14 16 12 14 16 14 12 9 12 14 14 12 9 7 14 12 9 9 7 
9 12 12 7 14 12 9 7 9 12 12 7 9 12 16 19 19 12 12 9 19 7 12 9 7 4 2 4 7 9 16 19 12 9 7 4 2 0 
7 12 9 12 16 14 7 12 9 7 7 12 14 7 14 19 12 9 7 7 4 2 7 9 7 4 7 9 12 14 16 4 7 4 2 2 7 9 2 4 7 9 14 12 9 12 14 12 
9 12 9 2 4 9 9 7 4 4 0 9 9 12 9 2 4 9 7 4 9 12 9 2 4 9 9 7 4 4 0 9 4 4 2 0 9 7 4 4 0 0 9 
14 14 14 16 14 12 14 14 17 19 17 14 16 14 12 14 14 14 17 17 14 17 14 12 9 7 7 5 5 7 9 7 5 4 2 2 
9 7 4 7 9 12 7 9 7 4 7 4 12 7 7 7 9 12 7 9 12 7 4 4 2 0 4 7 0 
9 5 2 0 12 14 17 14 14 12 9 5 7 12 9 7 12 14 17 14 7 5 2 0 2 9 5 2 0 2 9 2 
7 9 12 14 7 7 9 7 9 12 14 7 9 12 9 9 12 9 12 7 7 5 5 7 7 9 12 9 7 14 17 12 9 7 9 5 5 7 9 12 9 7 9 12 14 12 9 7 7 9 5 5 7 7 9 12 14 7 
4 7 9 12 9 7 9 7 4 7 9 12 9 7 4 7 9 12 9 7 9 12 0 2 4 4 2 4 7 0 
