5 10 10 10 13 12 10 17 12 12 12 13 13 15 15 17 
11 4 4 11 11 9 7 7 7 6 3 0 0 0 2 4 
2 7 9 10 10 9 7 7 7 14 14 12 9 14 12 10 12 9 
4 9 9 9 11 12 9 8 6 0 0 11 11 11 16 11 9 8 6 4 
9 9 9 9 9 12 11 9 8 8 8 8 8 11 9 7 9 9 9 9 9 12 11 9 
4 9 12 11 9 9 8 8 4 9 11 12 12 11 9 12 11 12 9 12 16 
4 9 11 12 11 9 8 9 11 12 14 16 14 12 12 11 12 14 11 12 16 16 
4 4 9 9 5 5 4 4 4 9 9 11 11 12 9 7 5 7 9 11 12 
2 7 9 11 12 11 9 7 2 7 9 11 12 11 9 7 
2 2 9 9 9 11 12 11 9 11 7 9 11 12 14 16 14 0 11 9 
8 8 5 0 0 0 8 8 7 7 7 5 7 7 7 8 10 12 13 12 
2 7 10 9 14 12 10 9 2 7 10 9 14 12 10 9 
7 14 14 14 10 17 17 15 14 17 19 14 12 22 12 14 
14 14 12 10 9 14 14 12 10 9 12 10 9 7 7 6 7 
4 9 16 16 16 14 17 16 12 11 11 14 12 11 12 16 12 11 11 
2 5 7 9 10 9 7 9 9 9 9 12 10 9 7 7 5 
2 7 7 9 10 9 10 7 9 10 9 2 7 6 7 9 7 2 7 
10 7 7 9 10 9 10 7 10 9 10 7 7 9 12 10 9 7 6 7 
9 2 4 5 5 7 9 9 7 9 10 9 7 5 7 9 
5 7 9 7 5 4 2 5 7 9 9 10 10 7 7 9 
14 10 9 7 5 7 9 10 14 10 9 7 5 7 9 10 
14 14 12 14 15 17 19 14 17 15 14 12 10 12 14 12 12 12 14 12 10 9 7 
2 7 9 10 9 10 12 14 10 12 14 15 14 12 22 7 10 14 9 12 10 14 7 
9 9 9 16 14 16 12 11 11 16 14 12 11 9 12 11 
7 8 8 10 10 12 12 7 7 12 12 12 7 12 10 
9 11 12 14 12 11 9 11 12 14 16 14 12 11 14 16 16 9 14 12 11 9 
0 5 5 9 7 5 7 9 9 7 5 9 10 9 9 7 5 7 9 9 7 5 
4 16 14 12 14 11 9 11 9 7 6 4 4 9 11 12 16 14 12 11 
2 4 5 4 5 7 5 7 9 9 7 9 7 9 10 7 5 
7 7 10 7 9 9 14 14 12 12 10 7 5 5 7 7 7 10 7 9 14 
5 5 5 5 5 7 7 0 4 4 4 4 7 5 5 4 2 
2 7 10 9 14 12 10 9 2 7 10 9 14 12 10 9 
2 7 10 9 14 12 10 9 2 7 10 9 14 12 10 9 
2 7 10 9 7 5 10 12 14 12 14 7 10 9 7 5 10 12 14 
5 7 9 9 9 9 9 7 5 2 4 5 7 
9 2 2 2 2 14 14 14 10 9 7 5 4 2 4 5 7 9 7 5 4 
4 9 9 9 9 9 12 12 11 11 11 11 11 11 11 16 14 12 11 12 9 
2 7 2 7 9 11 11 11 14 11 11 9 11 11 14 11 11 9 11 7 
4 4 11 11 11 9 12 11 7 5 7 4 5 7 9 11 7 5 
7 9 10 10 10 12 12 14 10 12 14 15 14 14 12 10 
2 7 6 7 14 13 14 10 9 7 7 9 7 9 14 13 14 9 
7 7 14 14 12 14 10 9 9 12 12 12 10 9 10 10 9 7 
4 5 7 7 9 9 7 9 11 12 4 5 7 11 7 4 0 
7 7 7 7 7 12 10 9 7 10 9 7 6 7 7 7 7 7 7 12 10 9 
9 9 9 9 11 12 11 9 7 9 12 11 9 9 8 9 
9 9 9 12 14 16 9 12 14 16 9 9 9 12 14 16 9 12 14 16 
4 9 11 12 9 8 11 9 12 11 9 7 6 4 3 4 
5 10 12 14 12 14 15 14 12 10 12 5 10 12 14 15 17 
5 10 14 12 9 10 7 5 5 10 14 12 9 10 5 10 14 12 9 10 9 7 5 
4 9 11 12 11 9 7 7 12 14 16 16 14 14 11 12 
2 4 5 2 2 2 4 2 2 4 5 5 5 7 5 7 9 10 9 
2 7 7 14 14 10 9 7 7 9 9 14 14 12 10 9 
7 10 12 14 7 9 10 9 7 7 10 12 14 7 9 10 9 7 
9 16 14 12 11 9 11 12 11 12 9 8 9 11 4 14 14 14 14 16 14 12 11 
4 9 11 12 9 8 9 11 9 16 14 16 9 9 11 11 16 16 14 16 12 11 
4 11 9 7 9 6 7 11 9 7 9 6 6 6 6 11 11 11 9 7 4 6 
4 9 9 12 12 11 9 8 8 9 9 11 11 11 4 
7 7 7 14 12 10 9 10 10 9 9 14 14 12 10 9 10 9 7 
7 14 14 12 9 10 12 9 14 14 14 12 9 10 12 9 
0 6 8 9 8 11 1 9 8 6 6 9 11 1 9 1 11 9 8 
2 2 4 5 7 9 8 9 13 14 14 9 8 9 9 10 9 7 10 9 7 5 
2 2 4 5 7 9 9 10 9 7 7 9 9 7 5 4 2 1 9 
7 10 7 10 12 14 15 17 15 14 12 10 9 7 6 7 
2 2 10 9 7 9 14 14 12 9 10 9 7 5 9 9 9 9 12 10 7 
16 16 14 16 12 14 16 14 14 7 12 12 
9 9 9 11 12 12 12 11 9 7 6 4 4 
9 16 16 16 14 16 12 12 14 12 12 14 12 9 12 12 11 9 7 4 4 
7 7 10 10 14 14 9 9 10 9 7 10 7 14 14 15 15 15 15 14 7 7 
7 7 7 10 9 7 9 14 14 14 14 
14 14 12 10 9 7 6 7 9 2 14 15 14 12 10 9 14 2 6 7 
2 7 9 10 14 10 9 7 9 10 10 10 12 14 
7 6 4 7 9 7 4 6 7 6 4 7 9 7 9 11 12 11 9 7 9 7 
7 7 10 10 7 5 5 10 10 12 14 14 14 14 14 14 15 14 
7 7 9 10 12 14 14 9 14 12 10 9 7 9 7 7 9 10 12 14 14 9 
7 6 7 2 7 9 5 10 12 14 14 12 15 14 14 10 
4 9 7 9 9 11 12 11 8 4 4 11 9 11 11 12 14 14 11 9 
9 9 9 9 11 12 12 12 12 9 9 9 12 12 9 7 9 9 9 9 11 12 12 12 
9 9 16 16 14 16 14 12 11 12 9 8 9 11 12 9 8 9 11 12 9 8 9 11 
0 5 7 8 7 5 12 12 12 12 12 17 15 13 12 
2 2 2 4 5 5 2 4 5 5 7 7 9 2 2 2 4 5 5 2 
4 4 9 9 9 17 16 15 16 7 12 12 14 12 14 16 
4 9 8 9 11 12 9 11 16 14 12 11 14 12 11 9 12 11 16 12 
10 9 7 5 5 7 9 10 10 9 7 5 5 7 9 10 10 9 7 5 5 7 9 10 
5 5 5 12 13 12 12 10 8 7 10 10 10 10 8 7 9 10 12 5 
4 9 11 12 11 9 11 8 4 7 7 5 4 9 9 8 9 
16 9 11 8 8 9 11 12 14 16 16 19 21 14 16 17 16 14 12 12 
7 9 10 12 10 9 14 12 10 9 10 9 7 6 9 10 9 2 
12 12 14 12 11 9 7 7 12 12 14 17 16 14 16 16 19 17 16 19 17 
2 7 9 10 9 7 9 7 5 10 9 2 3 5 3 2 
4 9 12 11 9 9 8 8 4 9 11 12 12 11 9 12 11 12 9 12 16 
4 9 11 12 11 9 8 9 11 12 14 16 14 12 12 11 12 14 11 12 16 16 
3 3 8 8 5 5 3 3 3 8 8 10 10 12 8 7 5 7 8 10 12 
4 7 9 11 12 11 9 7 2 7 9 11 12 11 9 7 
2 2 9 9 9 11 12 11 9 11 7 9 11 12 14 16 14 12 11 9 
8 8 5 12 12 12 8 8 7 7 7 5 7 7 7 8 10 12 14 12 
2 7 10 9 14 12 10 9 2 7 10 9 14 12 10 9 
7 14 14 14 10 17 17 15 14 17 19 14 12 10 12 14 
14 14 12 10 9 14 14 21 10 9 12 10 9 7 7 6 7 
4 9 16 16 16 14 17 14 12 11 11 14 12 11 12 16 12 11 
2 5 7 9 11 9 7 9 9 9 9 12 11 9 7 7 5 
