14 14 14 9 9 12 10 9 2 2 2 9 9 0 10 9 7 7 7 0 0 10 9 7 5 7 9 2 2 5 4 2 
7 7 7 7 7 9 10 9 7 5 10 10 12 14 17 15 14 12 10 14 12 10 12 10 9 10 9 7 9 6 2 2 4 6 7 9 10 9 7 14 12 10 12 10 9 10 9 7 9 6 2 2 4 6 7 9 10 9 7 
2 2 2 7 7 9 5 4 2 17 17 17 16 16 14 12 10 9 17 17 17 16 16 14 12 10 9 2 2 2 7 7 9 5 4 2 17 17 17 16 16 14 12 10 9 2 2 2 7 7 9 5 4 2 
9 6 2 9 6 2 14 14 13 11 4 4 13 11 9 9 6 2 9 9 11 7 4 2 14 13 11 9 9 6 2 9 9 11 7 4 2 2 
17 12 12 12 14 15 12 14 10 10 10 14 13 10 0 8 7 5 0 2 7 7 7 7 7 7 0 8 7 5 0 4 7 7 7 7 7 7 0 8 7 5 
12 12 12 12 16 14 12 11 9 7 9 9 14 12 11 9 7 7 7 9 5 5 5 9 12 5 4 2 0 2 2 2 7 5 4 2 0 12 10 9 5 5 5 9 0 5 4 2 0 2 2 2 7 5 4 2 0 0 0 
4 7 7 7 4 7 7 7 16 14 12 11 5 9 9 9 5 9 9 9 12 11 9 7 4 7 7 7 4 7 7 7 5 9 9 9 5 9 9 9 17 16 14 12 11 9 11 0 4 7 7 7 4 7 7 7 5 9 9 9 5 9 9 9 17 16 14 12 11 9 11 12 
12 14 16 12 9 7 12 7 4 5 7 4 12 14 16 12 9 7 12 7 4 5 7 4 4 5 7 7 9 7 4 5 7 7 9 7 12 14 16 12 14 12 4 5 7 7 9 7 4 5 7 7 9 7 12 14 16 12 14 12 
2 4 6 7 9 7 6 6 4 2 9 11 13 14 16 14 13 13 11 9 14 18 14 11 11 11 11 13 14 9 9 7 18 18 4 2 14 18 14 11 11 11 11 13 14 9 9 7 18 18 4 2 
2 7 9 14 9 9 9 11 12 14 12 11 7 9 11 14 9 9 9 9 9 9 9 9 9 2 7 9 11 7 9 7 6 7 
7 7 7 12 12 14 12 11 9 7 12 14 12 11 9 7 5 12 14 12 11 9 7 5 7 7 7 12 11 9 7 5 12 14 12 11 9 7 5 12 14 12 11 9 7 5 7 7 7 12 11 9 7 5 
7 6 5 9 11 9 7 11 9 11 12 14 12 11 9 7 9 11 12 11 9 7 6 5 9 11 2 7 11 9 11 12 14 12 11 9 7 9 11 12 11 9 7 6 5 9 11 2 7 
7 7 11 14 14 14 14 12 11 9 14 14 11 14 14 12 11 9 7 12 12 14 16 16 14 14 12 11 9 14 14 11 14 14 12 11 9 7 12 12 14 16 16 14 14 12 11 9 14 14 11 14 14 12 11 9 7 
2 6 9 9 9 11 9 7 4 6 7 7 7 6 0 2 6 4 6 7 7 6 4 4 9 11 9 7 6 4 2 2 6 4 6 7 7 6 4 4 9 11 9 7 6 4 2 2 
12 12 12 9 9 14 12 10 9 9 9 9 9 9 12 10 9 7 7 7 7 12 12 10 9 7 5 5 5 5 5 5 12 10 9 7 7 7 7 12 12 10 9 7 5 
5 3 2 4 14 10 9 10 12 10 9 7 10 9 7 5 10 5 9 7 5 9 12 10 14 15 14 12 10 7 5 9 7 5 9 12 10 
12 12 10 9 12 12 10 9 12 12 10 9 12 12 10 9 5 5 7 9 5 10 9 7 5 7 0 5 4 5 7 10 9 7 5 4 5 5 5 7 9 5 10 9 7 5 7 0 5 4 5 7 10 9 7 5 4 5 
12 11 12 14 16 11 12 9 7 12 12 11 12 14 16 11 12 9 7 12 9 9 9 17 16 14 12 11 9 7 7 7 16 14 12 11 9 7 5 5 5 14 12 11 9 7 5 4 7 12 16 14 12 9 9 9 17 16 14 12 11 9 7 7 7 16 14 12 11 9 7 5 5 5 14 12 11 9 7 5 4 7 12 16 14 12 
9 9 9 7 5 4 2 14 14 12 10 9 7 7 0 12 10 9 9 7 7 9 10 7 4 5 5 7 9 5 2 14 9 5 4 2 2 7 7 9 10 7 4 5 5 7 9 5 2 14 9 5 4 2 2 
7 11 11 11 7 11 11 11 9 11 12 9 14 12 11 9 11 7 14 12 11 12 11 7 9 9 9 11 12 11 9 7 14 12 11 9 11 7 14 12 11 12 11 7 9 9 9 11 12 11 9 7 
9 9 7 6 9 2 4 4 2 1 9 9 2 9 2 4 4 4 2 4 6 7 11 9 9 7 6 4 2 
16 11 16 11 16 14 13 9 14 13 11 16 9 7 6 4 9 1 11 4 9 13 16 16 14 13 11 13 14 13 11 9 
7 9 11 7 12 11 9 7 2 2 14 14 14 12 11 7 12 11 9 9 14 14 14 12 14 12 11 9 7 2 7 9 11 7 12 11 9 7 2 2 
9 9 11 8 4 16 16 16 14 16 14 14 12 9 12 11 11 9 8 4 12 11 9 
12 12 12 12 9 14 12 12 12 9 12 11 7 5 12 12 9 12 14 12 5 7 12 11 9 7 5 7 9 9 10 7 5 
9 5 2 5 9 7 2 16 12 9 12 16 14 9 12 12 11 12 14 14 12 14 14 12 9 5 2 9 5 2 5 9 7 2 
10 12 10 9 7 5 10 5 7 5 3 2 2 3 5 5 2 3 5 5 14 16 14 14 12 10 
4 11 10 11 9 7 9 7 6 4 9 7 6 4 3 4 6 7 9 7 6 4 
7 2 12 11 9 11 7 6 4 2 2 2 4 6 7 9 9 11 12 11 9 7 12 11 14 9 11 7 6 4 2 
7 7 2 2 7 11 9 11 11 6 6 7 7 11 12 14 14 14 11 7 11 12 14 14 14 11 7 11 11 12 11 9 4 
14 13 11 14 9 11 9 7 6 4 2 2 9 6 14 14 18 16 14 13 11 9 9 9 6 6 14 14 18 16 14 13 16 14 14 13 11 14 9 11 9 7 6 4 2 2 
16 11 13 14 13 11 9 9 11 9 9 7 4 9 4 9 11 13 14 14 14 11 11 7 6 11 4 7 4 7 4 11 4 7 4 7 4 
14 14 11 14 11 7 11 7 4 2 4 4 2 7 9 11 11 7 4 2 
5 2 3 5 14 10 7 5 14 14 15 14 12 12 12 14 12 10 5 2 3 5 14 10 7 5 14 14 15 14 12 7 9 10 2 2 3 5 5 5 10 10 12 14 14 14 15 15 14 12 12 12 14 14 12 10 9 7 5 11 
7 11 11 9 12 12 11 11 9 7 11 14 14 12 16 16 14 14 12 11 11 14 14 12 16 16 9 12 12 11 14 14 7 11 11 9 12 12 11 11 9 7 
9 9 4 9 14 12 11 9 7 2 5 4 9 9 4 9 14 12 11 9 7 2 5 4 4 14 12 11 9 4 12 16 14 12 11 9 9 4 14 4 11 9 4 12 16 14 12 11 9 9 
4 7 7 7 9 6 7 11 14 14 14 16 13 14 14 11 7 9 11 2 7 14 11 7 9 11 2 7 
2 4 6 6 4 6 7 9 9 14 9 7 6 6 9 6 4 2 2 2 2 2 4 4 6 6 9 6 6 4 4 2 2 2 2 4 4 6 6 9 6 6 4 4 2 
7 2 7 2 7 9 11 9 7 6 4 2 1 11 11 14 14 14 14 14 14 14 12 11 9 13 14 14 14 19 14 13 11 9 7 
2 7 6 7 9 11 9 2 7 6 7 9 11 9 13 11 10 11 7 11 11 9 7 6 4 2 7 7 9 7 6 9 7 
7 7 7 3 2 0 7 12 16 15 12 7 7 12 14 15 14 12 7 10 14 12 7 5 3 2 0 
7 6 7 9 6 4 7 9 11 9 14 14 14 13 13 13 6 7 9 7 
2 2 6 9 9 9 14 9 7 6 4 4 4 4 6 7 7 11 9 7 9 7 6 6 4 4 6 7 7 11 9 7 9 7 6 6 
2 2 7 7 5 4 2 9 9 14 14 9 11 12 14 9 9 7 2 4 5 9 9 7 5 4 2 2 9 9 14 14 9 11 12 14 9 9 7 2 4 5 9 9 7 5 4 2 2 
14 14 9 14 14 16 14 16 14 12 11 9 7 7 6 7 9 11 9 7 6 4 2 2 2 7 6 7 9 11 9 7 6 4 2 2 2 
7 9 11 11 9 7 9 14 13 11 13 11 9 7 9 11 11 9 7 9 14 13 11 13 11 9 11 14 14 14 14 14 16 14 16 14 12 11 9 7 14 11 9 11 9 7 11 14 14 14 14 14 16 14 16 14 12 11 9 7 14 11 9 11 9 7 
7 9 7 5 5 4 9 11 12 9 9 7 16 16 16 14 12 11 9 11 12 7 5 4 7 9 7 5 5 4 16 16 16 14 12 11 9 11 12 7 5 4 7 9 7 5 5 4 
9 14 11 9 13 14 13 11 13 14 14 16 14 16 14 13 13 14 14 13 11 13 
9 9 9 11 7 7 7 11 6 4 6 4 2 2 9 11 13 14 13 9 13 11 9 9 9 11 13 14 13 9 11 7 6 4 9 9 9 11 7 7 7 9 6 4 6 4 2 2 
9 9 9 9 9 14 14 12 16 16 16 14 12 10 9 9 12 12 12 10 9 7 9 5 9 9 9 7 5 4 2 2 12 12 12 10 9 7 9 5 9 9 9 7 5 4 2 2 
2 6 9 7 6 4 2 6 9 14 13 11 9 11 9 7 6 4 2 6 9 18 16 14 13 11 9 11 13 14 
2 2 2 2 7 7 9 9 9 9 14 14 12 11 9 11 9 7 7 2 2 2 2 7 7 9 9 9 9 14 14 12 11 9 11 9 7 7 14 14 16 12 11 7 11 14 9 9 11 7 6 4 2 2 2 7 7 9 9 14 14 12 11 9 11 9 7 7 
7 7 14 14 9 11 12 9 9 11 12 12 14 12 11 7 11 11 7 9 9 7 6 4 2 7 7 7 11 14 14 14 12 11 9 7 11 11 7 9 9 7 6 4 2 7 7 7 11 14 14 14 12 11 9 7 
10 5 10 14 12 10 9 10 7 5 7 5 3 2 5 5 10 12 14 14 10 15 15 14 14 12 12 10 9 10 
7 5 4 7 16 16 14 12 11 12 14 14 12 16 7 5 4 7 12 17 16 14 12 
5 0 5 9 12 12 14 14 11 12 12 9 12 12 11 9 11 7 14 14 12 11 9 12 5 0 5 9 12 16 14 14 11 12 12 9 
5 4 2 2 5 4 2 2 9 9 9 12 11 9 7 4 7 5 5 9 9 9 12 11 9 7 7 9 5 4 2 7 5 4 5 4 2 2 
7 6 7 2 11 9 11 7 12 12 11 14 9 14 13 14 16 12 11 12 14 11 11 12 9 14 14 13 14 16 12 11 12 14 11 11 12 9 7 
14 16 14 13 14 11 7 2 11 11 12 11 9 14 14 16 14 13 14 11 7 2 11 11 12 11 9 7 
11 7 6 7 9 11 12 16 14 12 11 7 14 14 16 14 9 7 6 2 4 6 7 7 14 14 16 14 9 7 6 2 4 6 7 7 
7 7 2 7 11 14 12 11 9 7 4 2 9 12 12 12 11 9 11 14 14 7 11 14 12 11 9 4 6 7 
2 2 4 6 9 7 6 4 2 9 9 11 13 16 14 13 11 9 14 18 16 14 13 11 11 9 7 6 4 4 6 9 9 7 6 4 2 
10 14 10 5 3 2 5 7 9 10 10 14 10 5 3 2 5 7 9 10 14 14 14 14 14 5 10 12 14 3 14 12 15 14 12 10 9 7 5 7 9 10 12 12 12 12 12 5 10 12 14 15 14 12 15 14 12 10 9 7 5 7 9 10 
2 6 9 9 14 13 16 14 13 11 9 14 9 6 7 6 4 14 14 12 14 13 11 9 9 12 9 6 2 11 11 9 4 7 6 2 
12 12 12 11 16 16 14 12 16 16 14 12 5 9 7 5 4 16 16 14 12 5 9 7 11 14 7 7 17 17 16 14 14 16 14 12 
7 7 2 2 7 7 2 2 7 9 10 9 7 7 2 2 7 7 2 2 7 9 10 9 14 12 10 9 10 12 10 10 9 7 6 7 9 10 10 9 7 14 12 10 9 10 12 10 10 9 7 6 7 9 10 10 9 7 
2 2 2 2 2 4 6 7 9 9 9 9 9 11 13 14 9 9 9 14 13 11 9 6 2 4 6 7 9 11 11 9 7 6 4 2 
5 9 12 9 7 10 14 14 12 12 10 4 5 5 9 12 9 10 12 14 14 12 12 10 4 5 17 17 16 16 14 14 16 14 10 7 14 14 12 12 14 12 5 9 12 9 7 10 14 14 12 12 10 4 5 
7 9 11 12 11 9 7 6 4 2 14 14 11 14 14 12 11 9 7 11 9 14 14 11 14 14 12 11 9 7 9 7 
12 12 12 9 10 12 9 10 10 10 7 9 10 7 9 9 5 9 12 10 9 7 10 12 14 12 10 9 7 5 
12 7 7 7 12 7 7 7 7 5 4 2 4 0 2 4 5 5 5 5 4 2 4 0 
11 11 12 9 7 7 14 14 16 12 9 9 14 14 16 12 11 9 11 12 14 7 11 11 12 9 7 7 
5 9 7 5 9 12 10 9 9 10 12 12 14 12 11 12 10 10 9 7 5 
12 12 14 12 11 12 12 14 12 11 12 9 5 7 4 0 5 5 9 12 11 12 9 5 7 4 0 5 5 9 7 5 
2 4 2 11 7 9 7 4 2 7 9 9 10 12 10 9 10 7 2 7 9 10 9 9 10 12 10 9 10 7 2 7 7 
2 6 9 9 2 6 9 11 9 7 5 9 4 4 4 9 14 11 13 16 14 13 14 9 6 9 9 11 13 11 9 7 6 
5 7 9 5 9 10 12 17 12 9 12 10 9 7 12 14 16 17 10 9 5 14 14 12 10 9 10 12 12 14 16 17 10 9 5 14 14 12 10 9 7 5 
13 13 13 13 16 16 14 13 11 9 11 13 6 4 13 13 13 13 16 16 14 13 11 9 11 13 6 4 4 4 9 6 6 11 11 9 8 11 9 9 4 4 9 6 6 11 11 9 6 11 9 9 
7 6 7 9 10 9 10 14 9 9 6 2 7 10 9 14 12 15 14 12 10 12 14 7 7 12 10 9 7 7 
14 13 11 9 14 9 7 6 4 2 6 6 6 9 9 9 9 7 6 4 4 4 4 9 9 9 9 11 13 14 16 18 16 14 
12 12 11 9 7 7 5 4 7 7 9 11 12 9 11 12 9 7 12 11 12 14 14 11 7 16 9 11 12 9 7 12 11 12 14 14 12 11 12 
14 13 11 9 14 16 18 18 16 16 16 18 19 18 16 14 18 14 18 18 16 16 18 16 14 13 4 9 2 13 11 9 14 16 18 18 16 16 16 18 19 18 16 14 
2 7 10 9 2 7 14 12 10 9 7 6 9 7 7 14 14 15 14 12 10 9 7 12 12 14 2 7 10 9 2 7 14 12 10 9 7 6 9 7 7 
7 6 7 9 7 4 2 7 6 7 9 11 11 9 7 6 7 9 7 4 2 7 6 7 9 11 11 9 11 11 2 14 14 12 11 9 7 9 11 9 7 
11 11 10 11 12 11 9 7 6 4 7 7 6 7 9 11 9 7 6 4 
4 4 16 16 14 13 11 9 13 11 9 4 13 14 16 14 13 11 9 11 13 9 7 6 4 4 6 7 9 9 
14 9 14 13 11 9 4 4 6 2 7 9 11 11 11 13 14 16 14 9 14 9 14 13 11 9 4 4 6 2 
7 9 7 4 2 2 14 16 14 11 9 9 14 16 14 7 9 11 9 9 7 4 2 2 
7 7 11 11 9 7 11 11 9 11 12 9 7 7 11 11 9 7 11 11 9 11 12 9 12 12 14 12 11 9 11 7 2 7 9 11 12 12 11 9 11 9 7 12 12 14 12 11 9 11 7 2 7 9 11 12 12 11 9 11 9 7 
14 9 14 9 9 7 6 4 2 6 4 13 14 16 16 16 14 13 11 9 7 6 6 9 9 6 9 7 11 11 7 11 13 14 16 16 16 14 13 11 9 1 14 9 14 
2 5 4 2 9 12 10 9 2 5 4 2 9 12 10 9 14 14 16 14 12 12 14 12 16 14 12 10 9 12 10 9 7 5 4 9 2 2 
12 16 12 11 9 7 12 16 12 11 9 7 5 9 5 4 2 0 5 9 5 7 11 0 
2 2 7 9 11 0 11 9 7 9 11 7 11 12 11 7 9 7 6 4 2 4 6 7 
5 4 2 9 9 9 9 7 5 7 5 4 14 9 5 4 5 2 14 9 5 4 5 2 2 5 7 5 4 2 
5 10 9 10 12 10 12 11 12 14 3 12 15 14 12 10 7 5 5 10 9 10 0 10 
9 8 4 6 8 9 9 8 4 6 8 9 13 13 11 13 14 11 13 11 9 8 6 4 4 9 8 9 11 13 18 16 14 13 11 9 
2 2 2 2 4 5 7 5 4 2 9 9 9 9 11 12 14 12 11 9 14 14 14 7 12 12 12 10 9 5 9 9 9 2 4 5 7 5 4 2 
0 5 4 5 7 10 9 5 5 12 10 9 10 12 10 9 7 7 12 10 9 10 12 5 7 9 5 7 0 5 4 5 7 10 9 5 5 
12 10 9 12 5 0 12 10 9 12 5 0 4 5 7 7 7 5 10 9 7 5 4 2 0 0 
2 4 5 1 4 2 5 7 9 5 7 7 9 9 10 9 2 5 9 7 2 4 5 1 4 2 
